0.277386 0.000000 0.000000
0.539723 0.000000 0.000000
0.802365 0.000000 0.000000
1.064463 0.000000 0.000000
1.326611 0.000000 0.000000
1.589024 0.000000 0.000000
1.851130 0.000000 0.000000
2.113362 0.000000 0.000000
2.375562 0.000000 0.000000
2.637980 0.000000 0.000000
2.900611 0.000000 0.000000
3.164222 0.000000 0.000000
3.431381 0.000000 0.000000
3.698494 0.000000 0.000000
3.965396 0.000000 0.000000
4.232197 0.000000 0.000000
4.498428 0.000000 0.000000
4.765018 0.000000 0.000000
5.031254 0.000000 0.000000
5.297060 0.000000 1.300000
5.371219 0.363671 1.300000
5.471760 0.266664 1.300000
5.527531 0.481993 1.300000
5.573317 0.585868 1.300000
5.614066 0.661574 1.300000
5.651020 0.727702 1.300000
5.687519 0.741798 1.300000
5.720628 0.806157 1.300000
5.752707 0.838289 1.300000
5.783785 0.865334 1.300000
5.810158 1.021116 1.300000
5.841688 0.851214 1.300000
5.870364 0.939317 1.300000
5.897790 0.980610 1.300000
5.924670 1.000755 1.300000
5.950797 1.028088 1.300000
5.977707 1.001209 1.300000
6.004244 1.023324 1.300000
6.029329 1.060339 1.300000
6.055207 1.051254 1.300000
6.077698 1.183036 1.300000
6.104468 1.003788 1.300000
6.129235 1.084466 1.300000
6.153308 1.113445 1.300000
6.177594 1.120034 1.300000
6.201113 1.130160 1.300000
6.225632 1.095403 1.300000
6.249375 1.128812 1.300000
6.273241 1.128044 1.300000
6.296736 1.140668 1.300000
6.317631 1.285160 1.300000
6.342949 1.059830 1.300000
6.366427 1.148578 1.300000
6.389428 1.168018 1.300000
6.434134 1.197578 1.300000
6.457628 1.147385 1.300000
6.480764 1.161059 1.300000
6.503462 1.193909 1.300000
6.526427 1.159839 1.300000
6.546289 1.352317 1.300000
6.570823 1.095403 1.300000
6.593305 1.194986 1.300000
6.615520 1.217160 1.300000
6.637446 1.217383 1.300000
6.659376 1.225037 1.300000
6.681868 1.193049 1.300000
6.704350 1.191332 1.300000
6.726298 1.221649 1.300000
6.748973 1.191975 1.300000
6.768326 1.381648 1.300000
6.792334 1.123453 1.300000
6.814313 1.222325 1.300000
6.835883 1.243431 1.300000
6.857336 1.247176 1.300000
6.878753 1.260704 1.300000
6.900955 1.213815 1.300000
6.922932 1.218279 1.300000
6.945183 1.243898 1.300000
6.966110 1.240404 1.300000
6.985608 1.385114 1.300000
7.009135 1.141848 1.300000
7.031221 1.253074 1.300000
7.051650 1.272570 1.300000
7.073076 1.255924 1.300000
7.094240 1.283915 1.300000
7.115632 1.239476 1.300000
7.137045 1.251653 1.300000
7.158437 1.255448 1.300000
7.179840 1.253311 1.300000
7.198670 1.423507 1.300000
7.222165 1.142833 1.300000
7.243043 1.285160 1.300000
7.305764 1.290920 1.300000
7.327950 1.244833 1.300000
7.349103 1.246941 1.300000
7.369984 1.269887 1.300000
7.391390 1.253311 1.300000
7.410226 1.436159 1.300000
7.433178 1.161262 1.300000
7.454072 1.280441 1.300000
7.474978 1.277478 1.300000
7.495851 1.291423 1.300000
7.516730 1.288409 1.300000
7.538137 1.253074 1.300000
7.559556 1.252837 1.300000
7.580448 1.284164 1.300000
7.620172 1.427187 1.300000
7.643121 1.171737 1.300000
7.664233 1.284413 1.300000
7.685110 1.276002 1.300000
7.705518 1.310584 1.300000
7.726411 1.288159 1.300000
7.747810 1.253785 1.300000
7.768710 1.275019 1.300000
7.789625 1.286908 1.300000
7.811021 1.258788 1.300000
7.829321 1.457646 1.300000
7.852274 1.174021 1.300000
7.873184 1.283169 1.300000
7.894044 1.286158 1.300000
7.914439 1.315267 1.300000
7.934791 1.316836 1.300000
7.956184 1.255210 1.300000
7.977067 1.276247 1.300000
7.997968 1.292179 1.300000
8.018876 1.283169 1.300000
8.037685 1.426572 1.300000
8.060156 1.191332 1.300000
8.081056 1.287158 1.300000
8.101398 1.308513 1.300000
8.122828 1.313181 1.300000
8.142655 1.309547 1.300000
8.163514 1.269644 1.300000
8.184363 1.276247 1.300000
8.205248 1.290920 1.300000
8.226118 1.281679 1.300000
8.244559 1.449038 1.300000
8.267486 1.174645 1.300000
8.288341 1.284911 1.300000
8.308727 1.314484 1.300000
8.329219 1.307480 1.300000
8.349595 1.315267 1.300000
8.370440 1.279946 1.300000
8.391802 1.259506 1.300000
8.412325 1.305676 1.300000
8.433206 1.283417 1.300000
8.451477 1.461827 1.300000
8.474386 1.172774 1.300000
8.494882 1.307480 1.300000
8.515392 1.306706 1.300000
8.535895 1.306964 1.300000
8.556269 1.315267 1.300000
8.577291 1.274774 1.300000
8.598135 1.285160 1.300000
8.619025 1.282920 1.300000
8.658195 1.434914 1.300000
8.680641 1.193694 1.300000
8.700983 1.317359 1.300000
8.721316 1.309289 1.300000
8.741676 1.324735 1.300000
8.762001 1.318408 1.300000
8.783099 1.279699 1.300000
8.803962 1.274774 1.300000
8.824298 1.317621 1.300000
8.845436 1.305676 1.300000
8.863459 1.438341 1.300000
8.885612 1.209825 1.300000
8.906099 1.307738 1.300000
8.926617 1.306191 1.300000
8.946462 1.347915 1.300000
8.966796 1.320510 1.300000
8.987686 1.282672 1.300000
9.008577 1.282672 1.300000
9.028909 1.317883 1.300000
9.049257 1.317097 1.300000
9.067692 1.472877 1.300000
9.089599 1.204764 1.300000
9.109904 1.315267 1.300000
9.130247 1.319196 1.300000
9.150594 1.321564 1.300000
9.170388 1.352317 1.300000
9.191234 1.283666 1.300000
9.212077 1.284911 1.300000
9.232194 1.330856 1.300000
9.253321 1.304904 1.300000
9.271055 1.459573 1.300000
9.292932 1.215819 1.300000
9.313246 1.318670 1.300000
9.333590 1.323676 1.300000
9.353557 1.340822 1.300000
9.373536 1.339737 1.300000
9.394384 1.283915 1.300000
9.415495 1.305933 1.300000
9.435316 1.309806 1.300000
9.455634 1.317621 1.300000
9.473933 1.463442 1.300000
9.495792 1.221423 1.300000
9.516116 1.320247 1.300000
9.536619 1.305676 1.300000
9.556416 1.352317 1.300000
9.576221 1.351765 1.300000
9.597070 1.283666 1.300000
9.617388 1.313181 1.300000
9.637723 1.320510 1.300000
9.658087 1.314484 1.300000
9.676343 1.486759 1.300000
9.698211 1.210267 1.300000
9.718543 1.316574 1.300000
9.738373 1.343268 1.300000
9.778182 1.350663 1.300000
9.799025 1.282920 1.300000
9.819339 1.309289 1.300000
9.839702 1.324470 1.300000
9.878461 1.453488 1.300000
9.900632 1.207399 1.300000
9.920983 1.315006 1.300000
9.941480 1.346545 1.300000
9.981089 1.336494 1.300000
10.001940 1.275265 1.300000
10.022787 1.284164 1.300000
10.043125 1.316312 1.300000
10.063478 1.310843 1.300000
10.082001 1.450307 1.300000
10.104620 1.181980 1.300000
10.125095 1.305933 1.300000
10.145586 1.305162 1.300000
10.185694 1.327123 1.300000
10.207317 1.272815 1.300000
10.227649 1.276739 1.300000
10.247990 1.312141 1.300000
10.268809 1.287158 1.300000
10.287051 1.462150 1.300000
10.309410 1.193909 1.300000
10.330249 1.288911 1.300000
10.350223 1.328987 1.300000
10.370536 1.323412 0.000000
10.390838 1.319984 0.000000
10.412178 1.253074 0.000000
10.433513 1.253548 0.000000
10.454358 1.283169 0.000000
10.475867 1.243664 0.000000
10.498488 1.194986 0.000000
10.522899 1.084111 0.000000
10.545783 1.168430 0.000000
10.569163 1.143622 0.000000
10.592814 1.126892 0.000000
10.617271 1.096491 0.000000
10.642985 1.038076 0.000000
10.668940 1.031449 0.000000
10.695141 1.020330 0.000000
10.722026 0.989692 0.000000
10.747130 1.066828 0.000000
10.777949 0.869651 0.000000
10.806712 0.927611 0.000000
10.836035 0.911029 0.000000
10.866852 0.869194 0.000000
10.897692 0.866806 0.000000
10.931155 0.798578 0.000000
10.965328 0.787846 0.000000
11.000276 0.759399 0.000000
11.037186 0.721363 0.000000
11.072683 0.755589 0.000000
11.116077 0.615306 0.000000
11.158218 0.637326 0.000000
11.202606 0.606574 0.000000
11.249153 0.565997 0.000000
11.299974 0.527846 0.000000
11.357294 0.468761 0.000000
11.419189 0.426896 0.000000
11.489712 0.378204 0.000000
11.577332 0.306898 0.000000
11.679775 0.258870 0.000000
11.942896 0.101405 0.000000
12.206571 0.000000 0.000000
12.470392 0.000000 0.000000
12.734258 0.000000 0.000000
12.998089 0.000000 0.000000
13.261691 0.000000 0.000000
13.525413 0.000000 0.000000
13.789264 0.000000 0.000000
