0.150082 0.000000 0.000000 1.500000 0.000000
0.412355 0.000000 0.000000 1.500000 0.000000
0.674426 0.000000 0.000000 1.500000 0.000000
0.937066 0.000000 0.000000 1.500000 0.000000
1.199058 0.000000 0.000000 1.500000 0.000000
1.461959 0.000000 0.000000 1.500000 0.000000
1.724301 0.000000 0.000000 1.500000 0.000000
1.986375 0.000000 0.000000 1.500000 0.000000
2.248337 0.000000 0.000000 1.500000 0.000000
2.510856 0.000000 0.000000 1.500000 0.000000
2.773437 0.000000 0.000000 1.500000 0.000000
3.036082 0.000000 0.000000 1.500000 0.000000
3.298348 0.000000 0.000000 1.500000 0.000000
3.560473 0.000000 0.000000 1.500000 0.000000
3.823117 0.000000 0.000000 1.500000 0.000000
4.085656 0.000000 0.000000 1.500000 0.000000
4.348172 0.000000 0.000000 1.500000 0.000000
4.610282 0.000000 0.000000 1.500000 0.000000
4.872439 0.000000 0.000000 1.500000 0.000000
5.134876 0.000000 0.000000 1.500000 0.000000
5.397024 0.000000 0.000000 1.500000 0.000000
5.659722 0.000000 0.000000 1.500000 0.000000
5.922217 0.000000 0.000000 1.500000 0.000000
6.184719 0.000000 0.000000 1.500000 0.000000
6.447291 0.000000 0.000000 1.500000 0.000000
6.709946 0.000000 0.000000 1.500000 0.000000
6.972352 0.000000 0.000000 1.500000 0.000000
7.234744 0.000000 0.000000 1.500000 0.000000
7.497137 0.000000 0.000000 1.500000 0.000000
7.759150 0.000000 0.000000 1.500000 0.000000
8.021377 0.000000 0.000000 1.500000 0.000000
8.283949 0.000000 0.000000 1.500000 0.000000
8.546556 0.000000 0.000000 1.500000 0.000000
8.808984 0.000000 0.000000 1.500000 0.000000
9.071220 0.000000 0.000000 1.500000 0.000000
9.333478 0.000000 0.000000 1.500000 0.000000
9.595587 0.000000 0.000000 1.500000 0.000000
9.857921 0.000000 0.000000 1.500000 0.000000
10.120129 0.000000 1.300000 1.500000 0.000000
10.167346 0.562012 0.000000 1.500000 0.129695
10.184919 1.496837 0.000000 1.500000 0.445189
10.199999 1.775188 0.000000 1.500000 0.752112
10.221175 1.257354 0.000000 1.500000 0.868706
10.286036 0.408673 0.000000 1.500000 0.762545
10.416555 0.203227 0.000000 1.500000 0.633472
10.678937 0.000000 0.000000 1.500000 0.487286
10.941100 0.000000 0.000000 1.500000 0.374835
11.203845 0.000000 0.000000 1.500000 0.288335
11.465944 0.000000 0.000000 1.500000 0.221796
11.727908 0.000000 0.000000 1.500000 0.170612
11.990516 0.000000 0.000000 1.500000 0.131240
12.252783 0.000000 0.000000 1.500000 0.100954
12.515365 0.000000 0.000000 1.500000 0.077657
12.777891 0.000000 0.000000 1.500000 0.059736
13.040571 0.000000 0.000000 1.500000 0.045951
13.302721 0.000000 0.000000 1.500000 0.035347
13.565056 0.000000 0.000000 1.500000 0.027190
13.827419 0.000000 0.000000 1.500000 0.020915
14.090053 0.000000 0.000000 1.500000 0.016089
14.352440 0.000000 0.000000 1.500000 0.012376
14.614948 0.000000 1.000000 1.500000 0.009520
14.679873 0.408069 1.000000 1.500000 0.101493
14.708713 0.924247 1.000000 1.500000 0.291359
14.721444 2.047281 1.000000 1.500000 0.696572
14.734908 1.993680 1.000000 1.500000 0.995904
14.750029 1.746178 1.000000 1.500000 1.169044
14.778735 0.936925 1.000000 1.500000 1.115479
14.843887 0.404185 1.000000 1.500000 0.951334
14.919007 0.353918 1.000000 1.500000 0.813469
15.000680 0.325921 1.000000 1.500000 0.700958
15.072797 0.366285 1.000000 1.500000 0.623726
15.172978 0.264693 1.000000 1.500000 0.540872
15.238008 0.900503 1.000000 1.500000 0.623864
15.263562 1.042814 1.000000 1.500000 0.720545
15.290783 0.975556 1.000000 1.500000 0.779393
15.320311 0.901483 1.000000 1.500000 0.807568
15.349135 0.920906 1.000000 1.500000 0.833723
15.377840 0.921675 1.000000 1.500000 0.854020
15.407955 0.883923 1.000000 1.500000 0.860920
15.468483 0.438248 1.000000 1.500000 0.763381
15.499878 0.845457 1.000000 1.500000 0.782321
15.531283 0.840203 1.000000 1.500000 0.795679
15.562686 0.849686 1.000000 1.500000 0.808142
15.593444 0.862855 1.000000 1.500000 0.820768
15.625233 0.843197 1.000000 1.500000 0.825944
15.656601 0.837653 1.000000 1.500000 0.828646
15.686649 0.880399 1.000000 1.500000 0.840589
15.717401 0.865900 1.000000 1.500000 0.846430
15.777463 0.441637 1.000000 1.500000 0.753016
15.806358 0.921419 1.000000 1.500000 0.791878
15.832955 0.994595 1.000000 1.500000 0.838659
15.859135 1.013772 1.000000 1.500000 0.879070
15.885006 1.027132 1.000000 1.500000 0.913238
15.911841 0.988216 1.000000 1.500000 0.930541
15.938699 0.988216 1.000000 1.500000 0.943850
15.965191 1.002118 1.000000 1.500000 0.957297
15.992043 0.988363 1.000000 1.500000 0.964466
16.046255 0.489291 1.000000 1.500000 0.854810
16.072957 0.989988 1.000000 1.500000 0.886005
16.097453 1.088564 1.000000 1.500000 0.932749
16.121578 1.094679 1.000000 1.500000 0.970118
16.223159 1.037588 1.000000 1.240785 0.985688
16.249293 1.021431 1.000000 1.500000 0.993936
16.301725 0.504454 1.000000 1.500000 0.880979
16.328029 1.009139 1.000000 1.500000 0.910554
16.353598 1.038076 1.000000 1.500000 0.939982
16.378503 1.065969 1.000000 1.500000 0.969056
16.403595 1.055777 1.000000 1.500000 0.989069
16.430511 0.995642 1.000000 1.500000 0.990586
16.456336 1.019231 1.000000 1.310123 0.997196
16.482352 1.020644 1.000000 1.281509 1.002607
16.508471 1.011450 1.000000 1.500000 1.004648
16.561660 0.499887 1.000000 1.500000 0.888165
16.588362 0.993999 1.000000 1.500000 0.912588
16.613452 1.055777 1.000000 1.500000 0.945631
16.638328 1.069411 1.000000 1.500000 0.974196
16.662948 1.071486 1.000000 1.500000 0.996647
16.689209 1.016884 1.000000 1.500000 1.001318
16.715217 1.020801 1.000000 1.500000 1.005814
16.740644 1.043800 1.000000 1.500000 1.014580
16.766501 1.026495 1.000000 1.500000 1.017330
16.818887 0.506344 1.000000 1.500000 0.899410
16.844912 1.020015 1.000000 1.500000 0.927242
16.869788 1.065798 1.000000 1.500000 0.959216
16.893955 1.093054 1.000000 1.500000 0.990102
16.918786 1.077586 1.000000 1.500000 1.010291
16.944916 1.024590 1.000000 1.500000 1.013590
16.970111 1.049921 1.000000 1.500000 1.021974
16.995551 1.045612 1.000000 1.500000 1.027429
17.020555 1.053594 1.000000 1.500000 1.033467
17.043741 1.154986 1.000000 1.500000 1.061510
17.072199 0.932573 1.000000 1.500000 1.031755
17.097981 1.029046 1.000000 1.500000 1.031130
17.124039 1.017353 1.000000 1.500000 1.027951
17.150733 0.996091 1.000000 1.500000 1.020599
17.176912 1.006533 1.000000 1.500000 1.017353
17.288159 0.958478 1.000000 1.500000 1.003766
17.343460 0.476208 1.000000 1.069769 0.882022
17.371319 0.957924 1.000000 1.500000 0.899538
17.396252 1.064770 1.000000 1.371222 0.937668
17.419530 1.133060 1.000000 1.420784 0.982759
17.443482 1.115508 1.000000 0.895152 1.013393
17.468558 1.056956 1.000000 1.295664 1.023446
17.493869 1.050420 1.000000 1.500000 1.029671
17.518375 1.080750 1.000000 1.438082 1.041458
17.543710 1.050254 1.000000 1.420784 1.043488
17.594332 0.524005 1.000000 1.500000 0.923608
17.619886 1.038727 1.000000 1.500000 0.950174
17.644768 1.061529 1.000000 1.267650 0.975871
17.669386 1.083933 1.000000 1.295664 1.000808
17.694257 1.067171 1.000000 1.040912 1.016123
17.719783 1.035804 1.000000 1.143512 1.020665
17.745601 1.031932 1.000000 1.166419 1.023265
17.771093 1.041667 1.000000 1.089882 1.027511
17.796862 1.030006 1.000000 1.022496 1.028087
17.848484 0.513924 1.000000 1.050362 0.909434
17.874034 1.034510 1.000000 1.031624 0.938298
17.897936 1.115320 1.000000 1.121460 0.979149
17.921070 1.148180 1.000000 0.842364 1.018156
17.944516 1.132285 1.000000 0.848630 1.044494
17.968861 1.087849 1.000000 0.970847 1.054499
17.993527 1.078815 1.000000 0.954736 1.060110
18.017857 1.092513 1.000000 0.996025 1.067588
18.143437 1.037913 1.000000 1.227761 1.060740
18.169224 1.030166 1.000000 0.987493 1.053684
18.195220 1.020644 1.000000 0.996025 1.046060
18.223042 0.956264 1.000000 0.939133 1.025338
18.250214 0.976562 1.000000 1.143512 1.014082
18.277502 0.972834 1.000000 1.154856 1.004563
18.305359 0.952826 1.000000 0.962726 0.992624
18.360601 0.479170 1.000000 0.902204 0.874134
18.388411 0.958339 1.000000 1.143512 0.893566
18.413484 1.053762 1.000000 0.939133 0.930534
18.438357 1.068032 1.000000 0.962726 0.962265
18.463222 1.071833 1.000000 0.848630 0.987550
18.488750 1.034671 1.000000 1.069769 0.998424
18.514623 1.031128 1.000000 1.110739 1.005971
18.539936 1.048591 1.000000 0.895152 1.015807
18.565495 1.038564 1.000000 0.909363 1.021058
18.617154 0.513526 1.000000 0.962726 0.903935
18.642938 1.029526 1.000000 0.979102 0.932918
18.667558 1.078112 1.000000 0.931515 0.966424
18.691507 1.104903 1.000000 0.881365 0.998381
18.716136 1.081280 1.000000 0.874625 1.017511
18.741565 1.041012 1.000000 1.079735 1.022935
18.766974 1.041503 1.000000 1.069769 1.027220
18.792389 1.050587 1.000000 0.939133 1.032612
18.817509 1.052088 1.000000 0.818168 1.037107
18.947136 1.008986 1.000000 0.714921 1.030617
18.973005 1.017821 1.000000 0.818168 1.027664
19.000771 0.955713 1.000000 0.881365 1.011060
19.028127 0.970412 1.000000 0.916633 1.001680
19.055314 0.976419 1.000000 0.881365 0.995850
19.082693 0.969276 1.000000 0.758075 0.989718
19.137066 0.487850 1.000000 0.939133 0.873902
19.163544 0.996840 1.000000 0.939133 0.902272
19.188545 1.070448 1.000000 0.946872 0.941082
19.212538 1.103064 1.000000 0.931515 0.978462
19.236974 1.087135 1.000000 1.500000 1.003541
19.261988 1.061189 1.000000 1.371222 1.016844
19.286893 1.062891 1.000000 1.340000 1.027470
19.312020 1.059322 1.000000 1.500000 1.034821
19.336949 1.063062 1.000000 1.500000 1.041338
19.387687 0.523260 1.000000 1.500000 0.921782
19.412818 1.056113 1.000000 1.500000 0.952781
19.435902 1.150174 1.000000 1.500000 0.998333
19.458526 1.173397 1.000000 1.500000 1.038733
19.481335 1.163914 1.000000 1.500000 1.067621
19.505634 1.092513 1.000000 1.500000 1.073365
19.529637 1.106195 1.000000 1.500000 1.080941
19.553384 1.112137 1.000000 1.500000 1.088140
19.577837 1.087849 1.000000 1.500000 1.088073
19.599988 1.202578 1.000000 1.500000 1.114497
19.627375 0.969134 1.000000 1.500000 1.080952
19.652178 1.081280 1.000000 1.500000 1.081028
19.677711 1.039705 1.000000 1.500000 1.071491
19.703087 1.041176 1.000000 1.500000 1.064496
19.730255 1.017353 1.000000 1.500000 1.053616
19.757080 0.955575 1.000000 1.500000 1.030991
19.783994 0.984398 1.000000 1.500000 1.020239
19.838758 0.951458 1.000000 1.387367 1.004367
19.895205 0.469891 1.000000 1.500000 0.881026
19.923953 0.928131 1.000000 1.438082 0.891897
19.950207 1.010987 1.000000 1.324899 0.919379
19.975388 1.047596 1.000000 1.324899 0.948968
20.000853 1.048259 1.000000 1.500000 0.971881
20.027711 0.988806 1.000000 1.500000 0.975787
20.054174 1.010833 1.000000 1.340000 0.983874
20.079524 1.035642 1.000000 1.121460 0.995821
20.105992 1.005616 1.000000 1.178208 0.998081
20.158555 0.504647 1.000000 1.110739 0.884212
20.185056 1.010216 1.000000 1.100216 0.913290
20.209531 1.074440 1.000000 0.962726 0.950478
20.233814 1.093595 1.000000 1.059980 0.983505
20.258370 1.080927 1.000000 1.254079 1.005987
20.284159 1.029206 1.000000 0.909363 1.011345
20.309286 1.057293 1.000000 0.895152 1.021949
20.334664 1.045282 1.000000 0.830095 1.027333
20.360218 1.038890 1.000000 0.909363 1.030000
20.411329 0.518997 1.000000 0.728768 0.912076
20.437242 1.024273 1.000000 0.714921 0.937968
20.463110 1.021588 1.000000 0.627102 0.957265
20.489868 0.996241 1.000000 0.578326 0.966259
20.516467 0.997891 1.000000 0.578326 0.973559
20.578064 0.876787 1.000000 0.497702 0.951227
20.639749 0.835435 1.000000 0.431136 0.924506
20.669259 0.899281 1.000000 0.414725 0.918685
20.705606 0.730108 1.000000 0.385283 0.875167
